1 
1 1 
1 2 1 
1 3 3 1 
1 4 6 4 1 
1 5 10 10 5 1 
1 6 15 20 15 6 1 
1 7 21 35 35 21 7 1 
1 8 28 56 70 56 28 8 1 
1 9 36 84 126 126 84 36 9 1 
1 10 45 120 210 252 210 120 45 10 1 
1 11 55 165 330 462 462 330 165 55 11 1 
1 12 66 220 495 792 924 792 495 220 66 12 1 
1 13 78 286 715 1287 1716 1716 1287 715 286 78 13 1 
1 14 91 364 1001 2002 3003 3432 3003 2002 1001 364 91 14 1 
1 15 105 455 1365 3003 5005 6435 6435 5005 3003 1365 455 105 15 1 
1 16 120 560 1820 4368 8008 11440 12870 11440 8008 4368 1820 560 120 16 1 
1 17 136 680 2380 6188 12376 19448 24310 24310 19448 12376 6188 2380 680 136 17 1 
1 18 153 816 3060 8568 18564 31824 43758 48620 43758 31824 18564 8568 3060 816 153 18 1 
1 19 171 969 3876 11628 27132 50388 75582 92378 92378 75582 50388 27132 11628 3876 969 171 19 1 
1 20 190 1140 4845 15504 38760 77520 125970 167960 184756 167960 125970 77520 38760 15504 4845 1140 190 20 1 
1 21 210 1330 5985 20349 54264 116280 203490 293930 352716 352716 293930 203490 116280 54264 20349 5985 1330 210 21 1 
1 22 231 1540 7315 26334 74613 170544 319770 497420 646646 705432 646646 497420 319770 170544 74613 26334 7315 1540 231 22 1 
1 23 253 1771 8855 33649 100947 245157 490314 817190 1144066 1352078 1352078 1144066 817190 490314 245157 100947 33649 8855 1771 253 23 1 
1 24 276 2024 10626 42504 134596 346104 735471 1307504 1961256 2496144 2704156 2496144 1961256 1307504 735471 346104 134596 42504 10626 2024 276 24 1 
1 25 300 2300 12650 53130 177100 480700 1081575 2042975 3268760 4457400 5200300 5200300 4457400 3268760 2042975 1081575 480700 177100 53130 12650 2300 300 25 1 
1 26 325 2600 14950 65780 230230 657800 1562275 3124550 5311735 7726160 9657700 10400600 9657700 7726160 5311735 3124550 1562275 657800 230230 65780 14950 2600 325 26 1 
1 27 351 2925 17550 80730 296010 888030 2220075 4686825 8436285 13037895 17383860 20058300 20058300 17383860 13037895 8436285 4686825 2220075 888030 296010 80730 17550 2925 351 27 1 
1 28 378 3276 20475 98280 376740 1184040 3108105 6906900 13123110 21474180 30421755 37442160 40116600 37442160 30421755 21474180 13123110 6906900 3108105 1184040 376740 98280 20475 3276 378 28 1 
1 29 406 3654 23751 118755 475020 1560780 4292145 10015005 20030010 34597290 51895935 67863915 77558760 77558760 67863915 51895935 34597290 20030010 10015005 4292145 1560780 475020 118755 23751 3654 406 29 1 
1 30 435 4060 27405 142506 593775 2035800 5852925 14307150 30045015 54627300 86493225 119759850 145422675 155117520 145422675 119759850 86493225 54627300 30045015 14307150 5852925 2035800 593775 142506 27405 4060 435 30 1 
1 31 465 4495 31465 169911 736281 2629575 7888725 20160075 44352165 84672315 141120525 206253075 265182525 300540195 300540195 265182525 206253075 141120525 84672315 44352165 20160075 7888725 2629575 736281 169911 31465 4495 465 31 1 
1 32 496 4960 35960 201376 906192 3365856 10518300 28048800 64512240 129024480 225792840 347373600 471435600 565722720 601080390 565722720 471435600 347373600 225792840 129024480 64512240 28048800 10518300 3365856 906192 201376 35960 4960 496 32 1 
1 33 528 5456 40920 237336 1107568 4272048 13884156 38567100 92561040 193536720 354817320 573166440 818809200 1037158320 1166803110 1166803110 1037158320 818809200 573166440 354817320 193536720 92561040 38567100 13884156 4272048 1107568 237336 40920 5456 528 33 1 
1 34 561 5984 46376 278256 1344904 5379616 18156204 52451256 131128140 286097760 548354040 927983760 1391975640 1855967520 -2091005866 -1961361076 -2091005866 1855967520 1391975640 927983760 548354040 286097760 131128140 52451256 18156204 5379616 1344904 278256 46376 5984 561 34 1 
1 35 595 6545 52360 324632 1623160 6724520 23535820 70607460 183579396 417225900 834451800 1476337800 -1975007896 -1047024136 -235038346 242600354 242600354 -235038346 -1047024136 -1975007896 1476337800 834451800 417225900 183579396 70607460 23535820 6724520 1623160 324632 52360 6545 595 35 1 
1 36 630 7140 58905 376992 1947792 8347680 30260340 94143280 254186856 600805296 1251677700 -1984177696 -498670096 1272935264 -1282062482 7562008 485200708 7562008 -1282062482 1272935264 -498670096 -1984177696 1251677700 600805296 254186856 94143280 30260340 8347680 1947792 376992 58905 7140 630 36 1 
1 37 666 7770 66045 435897 2324784 10295472 38608020 124403620 348330136 854992152 1852482996 -732499996 1812119504 774265168 -9127218 -1274500474 492762716 492762716 -1274500474 -9127218 774265168 1812119504 -732499996 1852482996 854992152 348330136 124403620 38608020 10295472 2324784 435897 66045 7770 666 37 1 
1 38 703 8436 73815 501942 2760681 12620256 48903492 163011640 472733756 1203322288 -1587492148 1119983000 1079619508 -1708582624 765137950 -1283627692 -781737758 985525432 -781737758 -1283627692 765137950 -1708582624 1079619508 1119983000 -1587492148 1203322288 472733756 163011640 48903492 12620256 2760681 501942 73815 8436 703 38 1 
1 39 741 9139 82251 575757 3262623 15380937 61523748 211915132 635745396 1676056044 -384169860 -467509148 -2095364788 -628963116 -943444674 -518489742 -2065365450 203787674 203787674 -2065365450 -518489742 -943444674 -628963116 -2095364788 -467509148 -384169860 1676056044 635745396 211915132 61523748 15380937 3262623 575757 82251 9139 741 39 1 
1 40 780 9880 91390 658008 3838380 18643560 76904685 273438880 847660528 -1983165856 1291886184 -851679008 1732093360 1570639392 -1572407790 -1461934416 1711112104 -1861577776 407575348 -1861577776 1711112104 -1461934416 -1572407790 1570639392 1732093360 -851679008 1291886184 -1983165856 847660528 273438880 76904685 18643560 3838380 658008 91390 9880 780 40 1 
1 41 820 10660 101270 749398 4496388 22481940 95548245 350343565 1121099408 -1135505328 -691279672 440207176 880414352 -992234544 -1768398 1260625090 249177688 -150465672 -1454002428 -1454002428 -150465672 249177688 1260625090 -1768398 -992234544 880414352 440207176 -691279672 -1135505328 1121099408 350343565 95548245 22481940 4496388 749398 101270 10660 820 41 1 
1 42 861 11480 111930 850668 5245786 26978328 118030185 445891810 1471442973 -14405920 -1826785000 -251072496 1320621528 -111820192 -994002942 1258856692 1509802778 98712016 -1604468100 1386962440 -1604468100 98712016 1509802778 1258856692 -994002942 -111820192 1320621528 -251072496 -1826785000 -14405920 1471442973 445891810 118030185 26978328 5245786 850668 111930 11480 861 42 1 
1 43 903 12341 123410 962598 6096454 32224114 145008513 563921995 1917334783 1457037053 -1841190920 -2077857496 1069549032 1208801336 -1105823134 264853750 -1526307826 1608514794 -1505756084 -217505660 -217505660 -1505756084 1608514794 -1526307826 264853750 -1105823134 1208801336 1069549032 -2077857496 -1841190920 1457037053 1917334783 563921995 145008513 32224114 6096454 962598 123410 12341 903 43 1 
1 44 946 13244 135751 1086008 7059052 38320568 177232627 708930508 -1813710518 -920595460 -384153867 375918880 -1008308464 -2016616928 102978202 -840969384 -1261454076 82206968 102758710 -1723261744 -435011320 -1723261744 102758710 82206968 -1261454076 -840969384 102978202 -2016616928 -1008308464 375918880 -384153867 -920595460 -1813710518 708930508 177232627 38320568 7059052 1086008 135751 13244 946 44 1 
1 45 990 14190 148995 1221759 8145060 45379620 215553195 886163135 -1104780010 1560661318 -1304749327 -8234987 -632389584 1270041904 -1913638726 -737991182 -2102423460 -1179247108 184965678 -1620503034 2136694232 2136694232 -1620503034 184965678 -1179247108 -2102423460 -737991182 -1913638726 1270041904 -632389584 -8234987 -1304749327 1560661318 -1104780010 886163135 215553195 45379620 8145060 1221759 148995 14190 990 45 1 
